3.390609978896907961e-02
-5.228707933653097939e+00
-1.044259450786327292e+01
1.368490364943622062e+01
1.980740553377152935e+01
6.568457507224579217e+01
-1.045107106258331875e+01
4.892888418062731753e-02
-1.437260196235797416e+01
-1.045107100453432381e+01
2.829892904063873615e+01
-9.143894061908246940e+00
1.185610594755896940e+01
-3.893894142637902345e+00
1.233275398171743698e+00
-1.176672460490778960e+01
-2.297322942747664598e+01
-1.045954741800282228e+01
-1.045954765406319709e+01
-1.536306597188381318e+01
3.815625401326457222e+01
-1.176672432640192412e+01
4.684762948443679420e+01
2.301557245631764559e+01
-1.859475117909817143e+01
-9.152370729088715962e+00
-9.152370623236961933e+00
9.762949676105169006e-02
6.840230048984634159e+00
-9.152370763482892357e+00
2.256718380587350481e+01
-9.152370602781278563e+00
2.129045248560957759e+01
-9.152370763180508462e+00
-7.483640158948389853e+00
-9.152370498098582274e+00
3.034762950377339763e+01
-9.152370640772359067e+00
-1.568825554961690116e+01
1.847629312197788698e+00
4.597629349740383731e+00
-1.266724562076903426e+00
-1.438107849390440407e+01
2.597629341006364445e+00
-1.045954766717274076e+01
-9.152370565355276710e+00
5.540452534608918178e+00
-6.766724530363524615e+00
-1.266724390370974618e+00
-1.045954766493417232e+01
-1.176672460595616343e+01
-9.152370743279316656e+00
1.234762941243899981e+01
4.004045239277303381e+01
-1.447045570686948057e+00
-9.152370722376295120e+00
-1.045954744166979289e+01
-9.152370611928787980e+00
-1.176672465695382108e+01
-1.045954760781971871e+01
1.334762958608607164e+01
-1.045954754447131130e+01
6.618921528511236829e+00
-9.046730441497112807e+00
-1.438107876804535401e+01
-1.627841586779145899e+01
5.290452307471664284e+00
1.579045242782058622e+01
-1.688255633899008679e+00
-9.152370715032793314e+00
1.087904524389240635e+02
-1.643448923137330819e+00
1.860444863338534649e+00
-2.019770738184837811e+01
5.991762200078066769e+01
-4.139554939772184916e+00
-9.139554909619265644e+00
-1.308237805033625989e+01
4.872479897367924906e+01
-1.308237803148375633e+01
-1.177520123940957752e+01
-1.569673211145307334e+01
-1.308237790651992860e+01
-1.569673217285188116e+01
4.716762186467741458e+01
3.061044497697801248e+01
-1.438955508187129340e+01
7.237707261235063250e+00
5.610444852762439538e+00
2.322479885670917810e+01
-1.569673215916796138e+01
1.322479886688796746e+01
-9.160847193040869030e+00
-1.308237808430166282e+01
9.589152913863506100e+00
-9.160847102569885436e+00
-4.160847118380937459e+00
-9.160847264402356416e+00
-1.832378100552125355e+00
-9.982586400015787120e+00
-1.395552274750791744e-01
-1.438955498205891992e+01
-1.438955486656956140e+01
4.290914530165989049e+01
-1.309085469966851356e+01
-1.309085467948372461e+01
-1.309085467168667982e+01
-1.309085473916386810e+01
-9.177800172769108755e+00
-1.310780752736152621e+01
-3.019596311409619460e+01
-9.164984842169147328e+00
-1.311628417532363855e+01
-1.573911464926224291e+01
-8.124760675739388205e+00
9.796770226586216879e+00
2.010885307390776866e+00
-9.203229821573053471e+00
-1.356266488451909424e+01
-3.747591133332092372e+00
2.986676273864214082e+01
1.900240894508251444e+01
-1.182606018628341538e+01
2.141546311511028833e+01
-1.575606785535029708e+01
-1.575606772781673115e+01
-1.575606768581132400e+01
3.499393210254500985e+01
-1.183453674576875159e+01
3.549393222602078879e+01
3.074393216658497963e+01
-1.183453679197992514e+01
-5.834536901074709903e+00
-1.025606778874270653e+01
-1.183453670931225687e+01
-5.256067936563188603e+00
-1.575606769438075361e+01
-1.314171386111572026e+01
-1.575606778513485828e+01
-1.026454428030874766e+01
-1.576454432143023965e+01
6.735455843295895306e+00
6.262864119390412654e+00
-1.044259458374684613e+01
-1.388938004507826385e+01
1.980740546381468903e+01
6.568457496503745574e+01
-1.045107097852870126e+01
4.892890889885105621e-02
-1.437260187866114869e+01
-1.045107122538137112e+01
2.829892902678314215e+01
-9.143894173147980808e+00
1.185610595370360620e+01
-3.893894175280442571e+00
1.233275490445093103e+00
-1.176672473357934301e+01
-1.016579538955237894e+01
-1.045954773545064675e+01
-1.045954770728447514e+01
1.974018571112614140e+01
-7.097937404371929659e+00
-1.889857858626142573e+01
-1.176672476194638861e+01
-1.331299255985974028e+01
4.684762937065293187e+01
-6.033505205024794371e+00
-7.803459065909121861e+00
-9.152370597343123748e+00
-9.152370668712503488e+00
9.762942664249135705e-02
6.848686387604364434e+00
-9.152370580623461649e+00
3.082234787907371398e+01
-9.152370600637775411e+00
2.129045228294787862e+01
-9.152370606911176765e+00
2.358516157953612691e+01
4.894953619355008279e+00
-9.152370649887442866e+00
-7.177962161354953352e+00
3.034762919314914598e+01
-1.237859384002001306e+01
-9.152370608482231162e+00
-1.568825560428317445e+01
1.847629432023113027e+00
4.597629452670944694e+00
-1.266724709230017121e+00
-1.438107859684802747e+01
2.597629332637123589e+00
-7.177962225769870308e+00
-1.045954742674724258e+01
-9.152370600448508142e+00
5.540452373359227245e+00
-6.766724453438652809e+00
-8.456584268318537156e-03
-1.266724599765092885e+00
-1.045954761267529420e+01
-1.176672450562191408e+01
-9.152370635741135629e+00
1.234762934344782259e+01
4.004045232841371416e+01
-6.032762259159968110e+00
-1.673562417897189647e+01
-9.152370511681329646e+00
-1.241483811631844247e+01
-1.045954769430951536e+01
-9.152370760555401219e+00
-1.176672473926481999e+01
1.548490438812279546e+00
-1.045954779051569972e+01
1.334762934240568377e+01
-1.045954769886120239e+01
-1.079129244866892812e+01
6.618921557417507984e+00
6.276542761807073489e+00
-1.025313142600953320e+01
-9.167462009044006876e+00
1.374686866293293086e+01
-1.241483842537198612e+01
-8.265128469376099574e+00
-1.438107848984491355e+01
-8.134364160055605808e+00
5.290452305985814618e+00
1.579045248469835983e+01
-1.688255523192123686e+00
-9.152370480164346844e+00
1.733046417786304971e+01
-8.255164202138344010e+00
1.087904524453754789e+02
1.858137049064745128e+01
1.860444944526122413e+00
-1.206590240914466783e+01
5.991762195659023149e+01
-4.139555081705217354e+00
-9.139555062729298740e+00
-1.623848498751281610e+01
-1.308237824731078192e+01
4.872479883099062903e+01
-1.308237810915146682e+01
-1.177520109283764960e+01
-9.990058343381001293e+00
-1.569673208581213508e+01
-1.023476118671309010e+01
-1.308237813925158655e+01
-1.569673194879780986e+01
-1.206590251786406398e+01
4.716762193048398188e+01
2.887136480562023877e+01
3.061044495775696106e+01
1.207315909675258092e-01
-1.438955502920982177e+01
-8.144051558977816185e+00
1.874120508937184582e+01
5.610444838806794898e+00
2.239160561927913662e+01
-1.459028757733475601e+01
7.963008154907474534e+01
2.322479884546728002e+01
-1.569673195772123364e+01
-5.798489809467553435e+00
1.322479873950944373e+01
-9.160847153119899389e+00
-1.308237815729057019e+01
4.410390066191610003e+01
-1.592043305395771391e+01
9.589152990725494874e+00
-9.160847200738173157e+00
-4.160847253881926555e+00
-9.160847220909088762e+00
-1.973314469009522654e+01
-1.832378100807452892e+00
3.934097525746922841e+00
-1.150349772444433150e+01
-7.525205392564192408e+00
-1.395550414744277656e-01
-1.438955511141196375e+01
-1.438955501509334134e+01
4.290914545599467544e+01
-2.457380987934879801e+00
-1.309085459121145156e+01
-1.309085461636834857e+01
-1.309085451036498426e+01
-1.309085456921941493e+01
-9.177800196811720213e+00
-1.310780777692614407e+01
-5.874844840130277746e+00
-1.216055897848626621e+01
-9.164984545934647286e+00
-1.216055921647125260e+01
-1.311628425606616588e+01
-1.573911480023936527e+01
-8.124760690155687470e+00
9.796770186327799834e+00
2.010885357629049963e+00
-9.203229800400460903e+00
-1.306220292921853776e+01
-3.747591232180810916e+00
-5.004618268914614587e-01
2.986676272595390458e+01
1.900240871594632708e+01
-1.182606026294486945e+01
2.141546328324664472e+01
-1.575606772837044645e+01
-1.575606756445757917e+01
-1.575606776958894883e+01
3.499393223769386907e+01
-1.183453678474747761e+01
3.549393234507567030e+01
3.074393220675168692e+01
-1.183453678893155114e+01
-5.834536705370323872e+00
-1.025606774627038753e+01
-1.183453673382578941e+01
-5.256067693800073215e+00
-1.575606776543272325e+01
-1.314171379850304433e+01
-1.575606773361761270e+01
-1.026454430594640321e+01
-1.576454424249473441e+01
6.735455750260570085e+00
6.262864012027523408e+00
-2.088518916545053727e+01
-1.399161836386522317e+01
3.961481088749302870e+01
1.313691499381478138e+02
-2.090214208491746106e+01
9.785785858493728506e-02
-2.874520397813883932e+01
-2.090214221621511825e+01
5.659785800994792027e+01
-1.828778821403451360e+01
2.371221186908747924e+01
-7.787788223495700990e+00
2.466550860156011549e+00
-2.353344918570094180e+01
-2.673530774276945721e+01
-2.091909520145865287e+01
-2.091909521915429693e+01
3.645273035164212416e+01
-1.832843919689102208e+01
-9.269741006075951972e+00
-2.353344908522156587e+01
-1.312703704152164619e+01
9.369525884180019659e+01
2.457528243498800169e+00
-2.100256419102500161e+01
-1.830474126980009331e+01
-1.830474129974010822e+01
1.952589239236812158e-01
1.369314468720035727e+01
-1.830474126550086567e+01
5.751711376234705853e+01
-1.830474119619259810e+01
4.258090475300728883e+01
-1.830474140175335407e+01
4.222019426050180613e+01
3.600610355952587049e+00
-1.830474123388752616e+01
-2.225355802768927305e+01
6.069525872269744582e+01
-2.230971079668539758e+01
-1.830474142198499976e+01
-3.137651106591171413e+01
3.695258715408496375e+00
9.195258869063341223e+00
-2.533449157444668032e+00
-2.876215707737532767e+01
5.195258713211961421e+00
-2.225355803508767139e+01
-2.091909509838894721e+01
-1.830474119045889125e+01
1.108090481152764539e+01
-1.353344909408968633e+01
3.407430286322465030e+00
-2.533449054548747803e+00
-2.091909526035652078e+01
-2.353344914991705039e+01
-1.830474125532035856e+01
2.469525875914306567e+01
8.008090465336732677e+01
-9.772666124867713577e+00
-1.359565006554108280e+01
-1.830474123203796211e+01
-1.177980557827685715e+01
-2.091909516283988779e+01
-1.830474137573566651e+01
-2.353344926941094784e+01
-9.163879114577076379e+00
-2.091909523836629603e+01
2.669525884689800321e+01
-2.091909527098487231e+01
-2.548431402792488498e+01
1.323784298704085138e+01
2.092260027169773906e+01
-1.610321980985125734e+01
-1.827455832366359800e+01
1.989678022504283206e+01
-1.177980571119050879e+01
-2.007922563319570131e+01
-2.876215709896895589e+01
-2.034075421414691931e+01
1.058090475934960217e+01
3.158090486535109065e+01
-3.376511104017866582e+00
-1.830474118781146942e+01
2.527217341007687423e+01
-1.099154303407733124e+00
2.175809048469365621e+02
2.705033111941790125e+01
3.720889846748312912e+00
-2.819770738135911259e+01
1.198352438269585463e+02
-8.279110063899347338e+00
-1.827911004613493517e+01
-2.508125021132252641e+01
-2.616475625116050452e+01
9.744959781831889245e+01
-2.616475612900410752e+01
-2.355040225785892360e+01
-1.580681186519271897e+01
-3.139346419454937021e+01
-1.617386617419981576e+01
-2.616475613567888203e+01
-3.139346415428115122e+01
-2.819770740655702923e+01
9.433524383535397817e+01
6.238517417644964524e+01
6.122088987400451288e+01
-4.342267742720490986e+00
-2.877911017146446326e+01
-2.035528529024378486e+01
3.173066132815941387e+01
1.122088980231647781e+01
4.042986040004541337e+01
-1.037764513547517886e+01
1.309529085981312448e+02
4.644959776197824652e+01
-3.139346414302210420e+01
2.810051487864973829e+00
2.644959767976780185e+01
-1.832169431050089159e+01
-2.616475626040502789e+01
8.523397811841313398e+01
-4.802522487707022059e+00
1.917830580902912629e+01
-1.832169431782538283e+01
-8.321694341106180559e+00
-1.832169441747260663e+01
-1.809193082535487918e+01
-3.664756218084418204e+00
-4.197707421111537052e+00
-1.363639300285577960e+01
-1.627910142638901192e+01
-2.791102192350342071e-01
-2.877911008273058258e+01
-2.877911005324485672e+01
8.581829074355117370e+01
-8.677364554323606427e+00
-2.618170932566240339e+01
-2.618170922860044314e+01
-2.618170927367043888e+01
-2.618170915421000799e+01
-1.835560039402816912e+01
-2.621561532222429847e+01
-2.391024885296919678e+01
-3.333882020715190464e+01
-1.832996929657420893e+01
-3.333882028349838578e+01
-2.623256844158775891e+01
-3.147822935365022445e+01
-1.624952141404228101e+01
1.959354044674664408e+01
4.021770655086109869e+00
-1.840645955327929784e+01
-2.637463692857670239e+01
-7.495182356443767624e+00
-7.532025182364628257e+00
5.973352548253121341e+01
3.800481756486370699e+01
-2.365212053360399480e+01
4.283092633556255890e+01
-3.151213554426712804e+01
-3.151213543293912167e+01
-3.151213551514896949e+01
6.998786446188273658e+01
-2.366907345980321153e+01
7.098786455307968879e+01
6.148786449941683685e+01
-2.366907356457965150e+01
-1.166907362587655150e+01
-2.051213557460415160e+01
-2.366907356967693588e+01
-1.051213557092624207e+01
-3.151213541631366155e+01
-2.628342759364173276e+01
-3.151213544385718279e+01
-2.052908860268926361e+01
-3.152908853231151198e+01
1.347091151577278012e+01
1.252572827909643394e+01
