1.425297065304512167e-01
-4.081895398525248742e-01
3.884863776234604438e-01
-4.203486397071944936e+00
-2.361513615103631114e+00
-1.601240813667570428e+00
-3.971460501600322379e-01
-1.647146042835712532e+00
-1.453288200920760387e+00
-3.971460447384908554e-01
1.352853965828026306e+00
-2.045098659616304104e+00
1.204901337883873769e+00
-5.450986567135700511e-01
2.215174138324424558e+00
4.651741450562016378e-01
-8.953555593215500874e-01
-1.827784730553681791e-01
-3.182778469959412604e+00
-2.841348598131039904e-01
3.895161217729375291e+00
2.151741514068256644e-01
6.692689201264406806e-01
-2.518162610596636153e+00
-2.102717281189836918e+00
2.419268915575718548e+00
1.169268910454875687e+00
2.669268911751427886e+00
-3.476855267824425333e+00
-8.073108469928994002e-02
4.324359404705908627e-01
1.669268905335045794e+00
-2.682778461266508430e+00
1.169268901335464239e+00
-2.102717288110151461e+00
-8.073108028853132057e-02
-8.073108487684452217e-02
1.669268915380262897e+00
9.090319905565138470e-01
-1.580731090934516248e+00
9.192689103384793503e-01
-2.034825854860569994e+00
-4.889206281552534450e-01
-8.073108837711118202e-02
3.172215257994399629e-01
4.192689093350431828e-01
1.317221529492731857e+00
7.151741401212073912e-01
-1.534825850891851085e+00
2.067221516828304129e+00
2.151741428286047808e-01
-1.330731087935525192e+00
6.692689177441794035e-01
6.722152968687833408e-02
-1.602413040026252178e+00
-1.330731092634475310e+00
2.067221528311870671e+00
-1.830731088200653778e+00
-2.848258594888262718e-01
8.172215227773411694e-01
-3.307310829258306439e-01
2.067221534357674528e+00
1.107937562792303543e-02
9.767205557471928534e-01
1.107935980824762551e-02
4.914714600818791967e-01
-1.182778475418015951e+00
-4.182778476066768114e+00
-5.909680141166356870e-01
-5.807310920302976021e-01
1.817221529351902065e+00
3.104348486508783367e+00
2.225446947389475572e+00
4.585986391678217089e+00
5.774943353985612093e-01
-1.774553044284523873e+00
4.754469438947043214e-01
2.077494327010354969e+00
1.429541719962395874e+00
2.827494330675125678e+00
1.179541707058366251e+00
-1.626600447652278847e+00
1.577494333922136782e+00
-1.266004425293161817e-01
8.274943257933060625e-01
2.725446948225882959e+00
1.725446942370503445e+00
-2.660412406265207697e+00
-2.024553066095755138e+00
1.679541709140494499e+00
3.733995575966544966e-01
-5.704582913636934149e-01
2.633636486993282677e+00
7.749432978637212088e-02
1.336364783127788336e-01
-3.116363512801345159e+00
-1.366363516302999903e+00
2.883636481354688197e+00
5.774943257226126114e-01
2.015385642611924322e+00
4.754469322242828588e-01
-2.274553052303515788e+00
-1.524553047517980708e+00
2.041861897027792860e+00
-9.581380911891048680e-01
5.418619110088741531e-01
2.291861900396067409e+00
2.918619061977878459e-01
5.623716345035006947e-01
2.220597055529015762e+00
4.845191969545444843e-01
-1.314503333371275229e-01
1.434964615940217181e+00
2.195237429777417759e+00
-6.006678003273390187e-01
-3.044525646391294860e+00
4.452374327343086025e-01
9.554743469980423454e-01
-4.210638251071538107e+00
4.096050067609448009e-01
1.863699760718641851e+00
-8.403949998809038258e-01
2.715747154313298051e+00
-5.698852778734906366e-01
-8.760274314051256228e-01
1.239725636059547942e-01
2.373972574056436802e+00
1.373972570174790242e+00
-3.198852694044134748e-01
-3.760274249395777479e-01
-2.376027427611482334e+00
4.301147247048484057e-01
-2.819885279910547826e+00
-1.376027434119196924e+00
-6.988527382529863274e-02
-1.376027433037160463e+00
-1.126027423146113149e+00
-6.719326598795407612e-01
-2.126027428038255618e+00
-2.661659849095101116e+00
5.883401490710461479e-01
-4.116598623878515717e-01
-1.687055358762870938e+00
3.884863818953672165e-01
1.044482487173894913e+00
-2.361513619335126268e+00
-1.601240820315013913e+00
-3.971460423290824604e-01
-1.647146039716429033e+00
-1.453288202213845803e+00
-3.971460530055554994e-01
1.352853958109468735e+00
-2.045098670267998298e+00
1.204901338430511393e+00
-5.450986573480162134e-01
2.215174133573036830e+00
4.651741403530386676e-01
-4.833216168256376233e-01
-1.827784767579680447e-01
-3.182778470440360774e+00
2.749827936860324007e-01
3.389671164959493499e-01
-1.739109727377958103e+00
2.151741323648785065e-01
-7.489395947405870502e-02
6.692689133963911630e-01
5.531877028645209027e-01
2.081240831842854355e-01
2.419268920662068556e+00
1.169268904573718793e+00
2.669268914880007060e+00
-1.595570494423271368e+00
-8.073108796425434996e-02
-1.413523390436058680e+00
1.669268908939602225e+00
-2.682778475770917659e+00
1.169268904898070227e+00
-2.634623183766488186e+00
2.081240860974169216e-01
-8.073109348454193812e-02
-2.500704481787451861e-01
-8.073108779498416876e-02
-2.310841375322383762e+00
1.669268903559266937e+00
9.090319863976225045e-01
-1.580731089017296087e+00
9.192689106419761336e-01
-2.034825857978860952e+00
-4.889206249037184593e-01
-8.073109010534812446e-02
3.213581194122291373e-01
3.172215366675478765e-01
4.192689119467987724e-01
1.317221522704601799e+00
7.151741420996241549e-01
-1.881284780451160099e+00
-1.534825859758595534e+00
2.067221519627574278e+00
2.151741392402027608e-01
-1.330731081267396032e+00
6.692689109185043783e-01
6.722152504689324348e-02
1.734312175661125943e+00
2.034222252275925680e+00
-1.330731094644598267e+00
-1.206051750574426151e+00
2.067221525316101260e+00
-1.830731095462757363e+00
-2.848258588892592091e-01
-4.833216108723260018e-01
8.172215109260670962e-01
-3.307310846860366249e-01
2.067221525139465665e+00
-2.310841377171493960e+00
1.107938121195990375e-02
-1.627600346751441940e+00
2.136652039719274310e+00
6.253472519648124450e-01
-5.577633670515436570e+00
-3.206051755503169343e+00
-6.231019758094071825e-01
1.107937023627085169e-02
-1.305331454086435361e+00
-1.182778476975022475e+00
-4.182778476640944376e+00
-5.909680098482998911e-01
-5.807310815155253270e-01
1.617686597473790400e+00
1.845959337029310809e+00
1.817221530846921063e+00
5.546925710767761641e-01
2.225446960478292713e+00
2.861995461603374924e+00
5.774943320222674092e-01
-1.774553047982050158e+00
4.754469420186808737e-01
-1.513430200983104212e+00
2.077494316840724498e+00
1.429541714690920839e+00
2.827494327556945297e+00
1.179541723498837014e+00
2.689782804374044045e-01
-1.626600448752081984e+00
2.280677630606684936e+00
1.577494323994526937e+00
-1.266004345802686504e-01
-5.665759663414794423e-01
8.274943295245640318e-01
1.479650232352667016e+00
2.725446944512846859e+00
3.513733043000705214e-01
1.725446952232304598e+00
1.796802920386131319e+00
-3.360558747454573392e-01
-2.024553060240434021e+00
1.598668983015772760e+00
-5.096894546566662854e+00
-1.213520129448589113e+00
1.679541711626354461e+00
3.733995647116323813e-01
1.643622731699993400e+00
-5.704582923941787787e-01
2.633636480648705369e+00
7.749432785411938807e-02
5.583449125708448424e-01
3.596275808659973539e+00
1.336364846012943752e-01
-3.116363514765630338e+00
-1.366363519776048197e+00
2.883636479896648730e+00
1.188819739003517562e+00
5.774943323299115416e-01
2.290566895121370017e+00
-2.324356532041124801e+00
8.636700326039263576e-02
4.754469365652705948e-01
-2.274553053230135014e+00
-1.524553052426539601e+00
2.041861906906138557e+00
1.929018644133428495e+00
-9.581380906161198752e-01
5.418619096005240499e-01
2.291861901248623656e+00
2.918619120264734357e-01
5.623716341356856940e-01
2.220597041879304623e+00
3.519825859966499437e-01
3.519825918259164577e-01
-1.314503245158819000e-01
-2.194459869707324207e-01
1.434964611309462068e+00
2.195237423294429835e+00
-6.006678042333247758e-01
-3.044525646018452658e+00
4.452374299224372001e-01
9.554743463913802914e-01
7.721851233025709416e-01
4.096050052153479837e-01
-4.982823364931854293e+00
1.863699758531635275e+00
-8.403949993487933590e-01
2.715747152765264794e+00
-5.698852689808497907e-01
-8.760274314144064212e-01
1.239725770256634579e-01
2.373972571464076253e+00
1.373972574226554277e+00
-3.198852677283056112e-01
-3.760274192754458067e-01
-2.376027422689423130e+00
4.301147201276236398e-01
-2.819885275316264206e+00
-1.376027432109205417e+00
-6.988527135988553685e-02
-1.376027432305224618e+00
-1.126027422918221665e+00
-6.719326565455689959e-01
-2.126027424528530663e+00
-2.661659852940934545e+00
5.883401512948808199e-01
-4.116598534642564866e-01
-1.687055363212027981e+00
7.769727590991220012e-01
-5.350194631337594764e-01
-4.723027240956399808e+00
-3.202481627849296686e+00
-7.942920799836259427e-01
-3.294292093768187435e+00
-2.906576402189547714e+00
-7.942921005567955550e-01
2.705707895622246006e+00
-4.090197315455264437e+00
2.409802679882266929e+00
-1.090197345681350960e+00
4.430348290038082837e+00
9.303482644127302192e-01
-1.172660203671894497e+00
-3.655569475765585441e-01
-6.365556955648491666e+00
-1.689269011582992253e+00
3.663832473934214295e-01
-6.610839807647381772e-01
4.303482898550508029e-01
-2.214084136474196995e+00
1.338537810519027094e+00
-4.292997539345568270e-01
-7.391725168056649808e-01
4.838537801361982638e+00
2.338537830737198675e+00
5.338537826261347874e+00
-4.131783372938245158e+00
-1.614621804852292564e-01
-1.904067115570702073e+00
3.338537837269098585e+00
-5.365556953041379806e+00
2.338537831586575688e+00
-6.053677977551019218e+00
-7.391725186560893501e-01
-1.614621714098021799e-01
-8.227834534270066502e-01
-1.614621856896257812e-01
-4.517620700478712337e+00
3.338537818942276303e+00
1.818063974742393896e+00
-3.161462173266473830e+00
1.838537827826142612e+00
-4.069651718930877848e+00
-9.778412623238998957e-01
-1.614621789231191762e-01
3.435940147961408231e-02
6.344430450738881566e-01
8.385378198107760195e-01
2.634443047453559394e+00
1.430348288178710847e+00
-4.560354801031637706e+00
-3.069651724327732811e+00
4.134443061309474921e+00
4.303482836275920875e-01
-2.661462185273368863e+00
1.338537831127583511e+00
1.344430485750833515e-01
1.800261747324211514e+00
1.792252069717426455e+00
-2.661462173241293527e+00
-3.910820832523499213e+00
4.134443052386264306e+00
-3.661462175117319084e+00
-5.696517261089066864e-01
-1.172660200694871424e+00
1.634443058043020702e+00
-6.614621818990317204e-01
4.134443047965098650e+00
-4.517620697789876516e+00
2.215873733870445464e-02
-3.700481823767490130e+00
2.403771547539398590e+00
1.426381151645651268e+00
-9.167657021831685071e+00
-6.910820835142844842e+00
-1.076720396533859647e+00
2.215874924131387702e-02
-1.712261449943276670e+00
-2.365556945656941412e+00
-8.365556942076700864e+00
-1.181936030742531063e+00
-1.161462179796232341e+00
1.625323375200709020e+00
2.985156974000656938e+00
3.634443052316600919e+00
2.384213099751244958e+00
4.450893872585979238e+00
6.585986390685393488e+00
1.154988655425846611e+00
-3.549106111073092595e+00
9.508939058475386341e-01
-3.071351820570897395e+00
4.154988669185061489e+00
2.859083429227553985e+00
5.654988665175260998e+00
2.359083428351844702e+00
1.955641668612954076e+00
-3.253200868668995049e+00
4.973190686190264387e+00
3.154988666206265613e+00
-2.532008839004154521e-01
1.443129247822924510e+00
1.654988655575538203e+00
4.167055951207507825e+00
5.450893886458962889e+00
1.015420238815643250e+00
3.450893881484407455e+00
2.940940106349552607e+00
-1.834290014146531034e+00
-4.049106107602622906e+00
2.962602749846580674e-01
-8.904423126149263013e+00
-3.079361500439837140e+00
3.359083435678434704e+00
7.467991212883344776e-01
1.206352787511050240e+00
-1.140916569281860138e+00
5.267272968635788644e+00
1.549886628396386357e-01
2.785097971513423865e+00
7.341994321852175709e+00
2.672729822988064718e-01
-6.232727040570074095e+00
-2.732727031239091886e+00
5.767272970627074891e+00
5.241483024151798453e-01
1.154988653419477318e+00
5.728843535942676368e+00
-4.816741000269666451e+00
1.137243322799108336e+00
9.508939025756634189e-01
-4.549106106868930688e+00
-3.049106109398864284e+00
4.083723807199236333e+00
3.901220786263061235e+00
-1.916276205407332345e+00
1.083723797531400024e+00
4.583723811963049677e+00
5.837237981063654324e-01
1.124743259342861235e+00
4.441194108170176236e+00
7.702334806385745525e-01
7.702334835497088861e-01
-2.629006822917298036e-01
-8.690937737713412548e-02
2.869929259605761285e+00
4.390474847895912802e+00
-1.201335609487476752e+00
-6.089051304209344373e+00
8.904748502482926487e-01
1.910948704698137934e+00
-9.470414457265323716e-01
8.192099949654368940e-01
-9.579554177955841965e+00
3.727399552510360259e+00
-1.680790001755025020e+00
5.431494315163091002e+00
-1.139770545391758372e+00
-1.752054853792817335e+00
2.479451539404588234e-01
4.747945148706814500e+00
2.747945142099065485e+00
-6.397705429840087055e-01
-7.520548572407875776e-01
-4.752054858632573264e+00
8.602294601130328067e-01
-5.639770534284241243e+00
-2.752054850826791910e+00
-1.397705392760191789e-01
-2.752054842066553153e+00
-2.252054861415157649e+00
-1.343865305841889679e+00
-4.252054859920093577e+00
-5.323319713605492609e+00
1.176680289170713989e+00
-8.233196915249976211e-01
-3.374110700605870594e+00
