0
0
121
315
0
42
0
0
155
0
84
21
52
0
0
0
0
123
25
0
0
23
224
27
0
0
0
37
64
0
161
0
127
0
126
50
0
0
158
0
0
0
44
55
42
0
47
0
0
0
64
20
40
42
0
0
0
86
202
20
0
0
0
0
0
0
41
0
90
0
0
84
91
0
0
84
0
0
0
0
63
105
56
0
107
19
477
127
65
0
292
41
21
0
0
242
0
0
27
0
0
0
0
0
241
162
180
43
0
0
132
80
148
18
353
140
0
54
100
0
0
231
0
75
0
20
0
0
45
56
0
21
57
0
0
224
44
0
0
0
0
0
0
22
0
21
0
0
0
20
76
71
0
0
48
44
172
139
0
133
0
0
0
203
0
205
186
0
24
22
0
42
0
0
0
22
0
90
62
