285
285
274
278
282
277
279
282
289
275
288
281
293
286
282
283
271
283
286
280
285
283
286
284
283
293
288
294
276
283
279
290
273
288
272
283
283
282
283
275
290
289
277
287
276
283
283
284
285
285
289
287
275
278
292
285
278
286
284
289
290
278
277
292
276
283
282
287
282
292
275
285
278
290
286
263
270
281
285
279
279
267
283
281
289
290
291
289
294
297
287
278
287
279
293
290
296
289
288
279
293
291
285
285
288
291
296
286
292
290
283
277
289
266
280
291
287
290
282
294
285
289
298
284
271
278
295
288
287
295
274
286
287
276
279
293
293
281
287
294
286
286
294
287
287
285
285
291
295
283
272
288
288
286
288
266
293
283
296
283
283
287
296
292
284
285
277
287
274
281
285
281
282
283
278
276
289
285
278
